

Применение итерационного метода для решения разностных схем
на примере задачи Дирихле для уравнения Пуассона
Команда №7.

u = x^3 + y^3 + 2. Сетка 3x3. Границы: a=0, b=1, c=0, d=0.2

Таблица № 2
    |      i|      0|      1|      2|      3|
   j|    Y/X|      0|0.33333|0.66667|      1|
   0|      0|      2|  2.037| 2.2963|      3|
   1|0.06667| 2.0003|      0|      0| 3.0003|
   2| 0.1333| 2.0024|      0|      0| 3.0024|
   3|    0.2|  2.008|  2.045| 2.3043|  3.008|

Таблица № 4
    |      i|      0|      1|      2|      3|
   j|    Y/X|      0|0.33333|0.66667|      1|
   0|      0|      2|  2.037| 2.2963|      3|
   1|0.06667| 2.0003| 1.0127| 1.1718| 3.0003|
   2| 0.1333| 2.0024| 1.5026| 1.7476| 3.0024|
   3|    0.2|  2.008|  2.045| 2.3043|  3.008|

Таблица № 6
    |      i|      0|      1|      2|      3|
   j|    Y/X|      0|0.33333|0.66667|      1|
   0|      0|      2|  2.037| 2.2963|      3|
   1|0.06667| 2.0003| 1.7576| 2.0263| 3.0003|
   2| 0.1333| 2.0024| 1.8943| 2.1659| 3.0024|
   3|    0.2|  2.008|  2.045| 2.3043|  3.008|

Таблица № 8
    |      i|      0|      1|      2|      3|
   j|    Y/X|      0|0.33333|0.66667|      1|
   0|      0|      2|  2.037| 2.2963|      3|
   1|0.06667| 2.0003| 2.0373| 2.2966| 3.0003|
   2| 0.1333| 2.0024| 2.0394| 2.2987| 3.0024|
   3|    0.2|  2.008|  2.045| 2.3043|  3.008|

Таблица № 1
    |      i|      0|      1|      2|      3|
   j|    Y/X|      0|0.33333|0.66667|      1|
   0|      0|      2|  2.037| 2.2963|      3|
   1|0.06667| 2.0003| 2.0373| 2.2966| 3.0003|
   2| 0.1333| 2.0024| 2.0394| 2.2987| 3.0024|
   3|    0.2|  2.008|  2.045| 2.3043|  3.008|

Таблица № 7

Число шагов: 16

Точность метода: 1e-08

Достигнутая точность: 4.444e-09

Погрешность: 1.4938e-09

Норма невязки: 5.8933e-07
